[DATA]
last_update = 1637609266.815581
total_time_left = 264112.5236341953
over_time = 0.0

[PROGRESS]
monday = 417.87316632270813
tuesday = 20.722051858901978
wednesday = 93.48999905586243
thursday = 0.0
friday = 0.0
saturday = 64.7212700843811
sunday = 401.0621621608734

