[DATA]
last_update = 1640019795.731504
total_time_left = 62985.16917204857
over_time = 0.0

[PROGRESS]
monday = 153.2771430015564
tuesday = 9000.09858822823
wednesday = 0.0
thursday = 14.830827951431274
friday = 0.0
saturday = 0.0
sunday = 0.0

